4.672553363227799476e-15
3.191365630455806618e-15
1.332323427230580036e-15
4.804374905458660605e-15
3.480279144312176182e-16
3.523989775350783901e-15
6.882069274380890482e-15
3.104437047973990460e-14
2.381369738816510078e-13
1.622492313366186700e-13
7.679130963982475089e-14
3.206293584466699526e-13
4.232336696627008364e-14
2.504563403537741546e-13
4.499610682201992432e-13
1.770183259730471578e-12
4.951160749148783598e-12
3.635985175131112753e-12
1.904980892394140448e-12
7.839003078534081687e-12
1.010443894398327756e-12
4.170233216391106402e-12
7.572242705393309680e-12
3.216888315647625586e-11
9.999999999333807343e-01
