5.301882709370266469e-03
5.619935523220353710e-03
4.467672595464890727e-03
9.404580152671756371e-03
8.002705139765553879e-03
5.959958338155306283e-03
9.292622795372653538e-03
1.038140374633265625e-02
8.305305786258494749e-03
1.892744479495268167e-03
1.634263172724711305e-02
1.503136465853947140e-02
1.527293296879419192e-02
2.327400743203598618e-02
1.142225497420781138e-02
2.214950918701233396e-02
2.357255107386066126e-02
2.072395689416966016e-02
3.491078355314197051e-02
3.365906623235613571e-02
3.189561435302645798e-02
2.544529262086514185e-03
2.827763496143958707e-02
4.051565377532228424e-02
1.884604233111046578e-02
2.488231338264963038e-02
3.030303030303030387e-02
3.530314658480429579e-02
4.719283970707892351e-02
3.637976929902395767e-02
6.652806652806653176e-02
4.186046511627906919e-02
5.838041431261770109e-02
1.785714285714285615e-02
3.900709219858156107e-02
5.899705014749262455e-02
2.758620689655172376e-02
5.555555555555555247e-02
5.660377358490566169e-02
5.521472392638036852e-02
5.098389982110912433e-02
6.395348837209302584e-02
4.687500000000000000e-02
1.033274956217162810e-01
7.971864009378663851e-02
3.669724770642202039e-02
7.476635514018691031e-02
1.027667984189723355e-01
5.263157894736841813e-02
8.461538461538462008e-02
5.882352941176470507e-02
9.756097560975610095e-02
1.034482758620689641e-01
6.779661016949152519e-02
1.041666666666666713e-01
1.492537313432835688e-01
1.538461538461538547e-01
4.761904761904761640e-02
2.500000000000000000e-01
1.805555555555555525e-01
1.168032786885245949e-01
1.802197802197802179e-01
1.383928571428571508e-01
1.158192090395480239e-01
1.323529411764705899e-01
1.521035598705501590e-01
1.238938053097345116e-01
1.875000000000000000e-01
2.256809338521400810e-01
2.222222222222222099e-01
1.851851851851851749e-01
2.642857142857142905e-01
6.962025316455695834e-02
1.505016722408026864e-01
1.381578947368421184e-01
1.498127340823970088e-01
1.472868217054263684e-01
1.324200913242009059e-01
1.521739130434782705e-01
1.875000000000000000e-01
2.068965517241379282e-01
0.000000000000000000e+00
8.620689655172414367e-02
1.803278688524590223e-01
1.308562197092084101e-01
2.010221465076660885e-01
1.353846153846153810e-01
1.648106904231625702e-01
1.896551724137930939e-01
2.141057934508815985e-01
2.011494252873563260e-01
2.682926829268292845e-01
2.413793103448275967e-01
2.413793103448275967e-01
4.487179487179487336e-01
3.690476190476190688e-01
5.022569775573780711e-03
6.145903755147194211e-03
4.279435577145500498e-03
7.769423558897242850e-03
7.326873079650200737e-03
5.997121381736766552e-03
1.174368138881797322e-02
1.064486269669854927e-02
6.921709849406042746e-03
3.527336860670193808e-03
1.055099648300117203e-02
1.630703343765442168e-02
1.436803688052247334e-02
1.771715271244904411e-02
1.390148080991236018e-02
1.566743263003969253e-02
2.158119658119658085e-02
1.441441441441441464e-02
4.401735895846248942e-02
3.970964987190435391e-02
3.260553129548762752e-02
1.276595744680850998e-02
4.736842105263158048e-02
3.393213572854291565e-02
2.516940948693126984e-02
4.154002026342452220e-02
4.257332071901608062e-02
3.128689492325856247e-02
5.276073619631901912e-02
4.392764857881136659e-02
2.834645669291338543e-02
5.843439911797133207e-02
5.467625899280575269e-02
1.709401709401709574e-02
5.343511450381679267e-02
7.639680729760547906e-02
4.180664427025009011e-02
5.050115651503469388e-02
5.378627034677990054e-02
5.469506292352371846e-02
7.427716849451644621e-02
6.581059390048153712e-02
7.427785419532324795e-02
7.877041306436119439e-02
9.038089089735312776e-02
2.380952380952380820e-02
1.098901098901098883e-01
8.369098712446351729e-02
8.172706245181186879e-02
9.314586994727591662e-02
1.328413284132841377e-01
8.021390374331550943e-02
1.185770750988142247e-01
1.124121779859484777e-01
9.829059829059828834e-02
1.423487544483985900e-01
1.624365482233502411e-01
6.410256410256409687e-02
1.016949152542372947e-01
2.009132420091324089e-01
8.765243902439023849e-02
1.280632411067193777e-01
1.122754491017964040e-01
1.242299794661190920e-01
1.366594360086767768e-01
1.392557022809123579e-01
1.061093247588424382e-01
1.428571428571428492e-01
1.806451612903225701e-01
1.521739130434782705e-01
1.978021978021977934e-01
1.480446927374301780e-01
1.082224909310761790e-01
1.237964236588720707e-01
1.274038461538461453e-01
1.358543417366946671e-01
1.784511784511784438e-01
1.620209059233449489e-01
1.099656357388316130e-01
2.252252252252252285e-01
1.823899371069182263e-01
5.517241379310344751e-02
2.025316455696202500e-01
2.173913043478260809e-01
9.744560075685904099e-02
1.413189771197846667e-01
1.539393939393939315e-01
1.164889253486464382e-01
1.584507042253521236e-01
1.399647887323943740e-01
1.102941176470588203e-01
1.773913043478260732e-01
1.867124856815578493e-01
1.984732824427480891e-01
3.090909090909090828e-01
3.207547169811320598e-01
4.754219915383608823e-03
6.615776081424936533e-03
4.975124378109452641e-03
9.131377696609975850e-03
8.701256848211408323e-03
7.223719676549865583e-03
8.552856654122477711e-03
1.111348578756144422e-02
1.088505896073603714e-02
1.021566401816118019e-02
1.557632398753894080e-02
1.340830449826989693e-02
1.202569465192709908e-02
1.574925931701231727e-02
1.103617412630288237e-02
2.015565755338255896e-02
2.239709443099273736e-02
2.354235423542354322e-02
3.055721989215098855e-02
2.251184834123222747e-02
2.624671916010498651e-02
1.984126984126984017e-02
2.064896755162241859e-02
4.285089637079143171e-02
2.444881030342719794e-02
3.490480507706255481e-02
4.462659380692167443e-02
4.528891202498698532e-02
4.899292324442024865e-02
5.144884683619160154e-02
4.903225806451613072e-02
6.097560975609755962e-02
6.151914626490897348e-02
1.403508771929824588e-02
6.224066390041493868e-02
8.310749774164408188e-02
3.448275862068965469e-02
5.427728613569321459e-02
4.854368932038834877e-02
6.026705160591844246e-02
6.521739130434782428e-02
6.944986344127974942e-02
6.340956340956341308e-02
8.619481429572529996e-02
8.887876025524156509e-02
3.761755485893417128e-02
7.741935483870968082e-02
9.342301943198803860e-02
3.230543318649045648e-02
4.261954261954262191e-02
4.979253112033194678e-02
4.479283314669652710e-02
6.706586826347304964e-02
4.591836734693877792e-02
5.056179775280898736e-02
8.154506437768239968e-02
7.962213225371120306e-02
3.100775193798449569e-02
5.140186915887850344e-02
9.153318077803203334e-02
4.245511887433284920e-02
5.518650996423096755e-02
5.624404194470924989e-02
6.412698412698412953e-02
7.291666666666667129e-02
7.863501483679524728e-02
7.207207207207207145e-02
7.095926412614980694e-02
7.868252516010978970e-02
4.278074866310160179e-02
8.408408408408409029e-02
1.229629629629629683e-01
3.624225083452551482e-02
6.903765690376569009e-02
5.202312138728323876e-02
5.130890052356020664e-02
9.382422802850355625e-02
8.871989860583016918e-02
6.161137440758293615e-02
1.257731958762886570e-01
1.051175656984785628e-01
1.990049751243781057e-02
7.142857142857142461e-02
1.283095723014256728e-01
5.387484459179444490e-02
8.294540837917900589e-02
8.663181478715459294e-02
8.351409978308026172e-02
1.109215017064846404e-01
1.144683323649041268e-01
5.736434108527131703e-02
1.077981651376146849e-01
1.273006134969325021e-01
1.799163179916317967e-01
2.020460358056266059e-01
2.809405940594059681e-01
0.000000000000000000e+00
