1.427144835239546177e-37
0.000000000000000000e+00
1.514171704679158747e-37
2.045124152479992120e-37
1.056588406488822611e-37
2.337448552976385420e-37
7.254990493393955799e-37
6.872292484711311660e-38
2.347154495139939052e-37
1.612472610605290941e-36
4.194925649075974876e-38
1.895186498871495578e-37
2.742537412914689077e-36
1.084260503994913984e-17
0.000000000000000000e+00
6.859593529537569414e-18
5.135930337518707902e-18
5.358480602636351908e-18
6.701162660045334616e-18
9.592058157605962961e-18
2.265554026408236444e-18
4.300045501702849838e-18
1.034605739258180655e-17
9.031532290851386641e-19
2.504282924874664457e-18
8.676900964869381441e-18
2.240865268206741916e-19
4.512076385364369658e-20
2.163625360710840905e-19
2.075560327141179654e-19
2.591098116813482882e-19
4.465713782705799578e-19
8.433691669520219232e-19
1.915151695941567823e-19
4.938461226467852022e-19
1.844308956017880789e-18
1.114834180570582397e-19
3.280279746910263381e-19
1.881303346955806315e-18
6.455158091422644138e-17
0.000000000000000000e+00
4.384822312329856831e-17
3.563137346005436368e-17
4.075356666684320047e-17
7.347045225770629701e-17
1.142669055644020679e-16
3.289296651278215124e-17
6.580168604555251804e-17
1.653900902740056043e-16
1.217962041950018769e-17
3.183832855061264724e-17
1.393247961696410698e-16
5.477055395267301847e-19
1.860107625746864065e-21
3.191270349195631535e-19
2.708977755154351260e-19
1.856270262331778523e-18
3.040529384222165150e-18
2.914324902769459589e-18
9.522464683979065127e-19
4.327964571285490428e-18
6.364761155225166420e-18
5.663271265855633992e-19
2.052106551555970130e-18
6.350544441849968158e-18
3.465966105558187430e-16
0.000000000000000000e+00
2.126710551767404598e-16
1.566137120906122190e-16
1.695072347873577084e-16
2.108166624319059225e-16
3.042521591055905601e-16
7.144297805406463096e-17
1.408614837500394325e-16
3.743646873767479059e-16
3.216482158488658060e-17
6.142043899308426103e-17
2.928518260083259362e-16
5.594771518875108326e-16
5.986908021031690101e-20
3.499801936147491410e-16
2.575921340445249376e-16
3.047631920256704246e-16
3.904833167616878530e-16
4.576093406952988221e-16
1.503247096219422669e-16
2.588525554642967953e-16
5.983923004282889807e-16
7.108203184067319085e-17
1.632983792588719408e-16
5.085752459649904130e-16
5.250247386782435303e-15
0.000000000000000000e+00
3.180934519849934768e-15
2.487470010439914759e-15
2.478978790817444219e-15
2.855653030463239648e-15
3.957237908878649969e-15
1.245971207409749372e-15
1.867151498651564265e-15
4.254783331363080921e-15
5.137559693226069412e-16
9.172705600751886120e-16
3.046290489395875681e-15
4.209776976716172179e-19
1.104452636253472524e-20
4.017791110360237864e-19
3.208687726555994837e-19
2.325847833152381716e-19
4.940062311530668686e-19
7.511744698378975349e-19
1.104545405855117683e-19
3.249555282644405875e-19
1.160004711234189883e-18
4.626334991311967539e-20
1.656714319843565733e-19
8.857115135037007569e-19
2.160711442290552299e-16
0.000000000000000000e+00
1.414640472271153090e-16
1.018673322992499286e-16
1.133567924789518280e-16
1.578971192461172000e-16
2.037174724701091201e-16
5.388474161684602345e-17
1.067455060234568403e-16
2.899573170412566977e-16
2.552058364440376894e-17
6.876578205870112827e-17
2.584979902934821183e-16
7.440095563794593374e-17
2.539269952145131813e-18
4.886349422059523802e-17
3.803950289932823846e-17
4.745062236635366124e-17
8.553525301837330493e-17
1.165940859696777016e-16
1.891129292473824663e-16
2.225173687215526850e-16
3.053353669005457257e-16
9.174096221579963268e-17
1.495252826758525993e-16
5.559849070642332536e-16
8.228919588016748943e-15
0.000000000000000000e+00
6.287511200941736691e-15
5.774581913344581406e-15
5.391409137711691155e-15
7.974962712786308020e-15
1.207123912626045246e-14
2.963041264488336428e-15
7.803808046576800863e-15
1.899179540993349579e-14
1.647761219989999960e-15
4.973174359307111433e-15
1.879995025289688705e-14
4.162227739366194245e-16
7.429366430161773085e-20
2.379883378739324950e-16
2.407613347477421004e-16
3.195294327525141698e-16
4.856413595159327524e-16
8.295860687244803048e-16
3.266873408582282797e-16
5.274458710509434497e-16
1.730717727269978872e-15
1.856900602590525338e-16
5.881090143223388855e-16
1.718991166565838745e-15
2.938416880096447770e-14
1.945609969451297030e-16
1.839135408040929280e-14
1.387426949760243381e-14
1.414416770503817146e-14
1.794729401012401984e-14
2.461164521660558433e-14
5.999156455236781423e-15
1.126968785056460028e-14
2.596361297532639368e-14
2.384087542833948982e-15
6.246011356778073995e-15
2.227837754598977607e-14
4.271279285303035146e-14
2.214297300632884913e-16
2.487666223048500136e-14
1.887220126818832319e-14
2.498169468217784520e-14
2.690121268013088806e-14
3.696586909522581524e-14
1.387462392312401295e-14
2.053624417705671995e-14
3.999897916550349830e-14
7.223746072046080172e-15
1.290934536796518207e-14
3.779646931009028389e-14
4.155420308980977337e-13
0.000000000000000000e+00
2.494853140994154604e-13
1.914566423272599793e-13
2.071670649846341324e-13
2.463784083487965180e-13
3.582151511707357110e-13
8.945346599241270504e-14
1.607335987112624717e-13
3.721839999606573455e-13
3.617220739310069727e-14
7.805817349739564970e-14
2.775008110065259528e-13
1.321169094360318307e-16
2.536183883318368002e-18
9.221421150544298944e-17
6.744293503579135286e-17
6.766594386359947213e-17
1.009464699043607107e-16
1.424168546142305540e-16
3.546338512078093549e-17
7.401351651481221347e-17
1.880751951287359305e-16
1.375743864032769093e-17
5.072873022969432568e-17
1.690614976902457699e-16
3.654047982077475304e-15
2.180228961973934911e-17
2.519108291010952799e-15
2.342712401565483147e-15
2.392021320650814906e-15
3.110134026102998707e-15
6.571500114120584538e-15
1.701864560905032877e-15
3.468622100189410595e-15
1.064839371413669467e-14
1.129125096357067125e-15
2.110468991650308788e-15
9.194766499089296329e-15
5.736413937341054925e-15
6.012780747896670189e-18
3.578407321080080141e-15
2.624548938265446935e-15
4.906265225311012375e-15
7.016687636854510683e-15
1.459609364065530225e-14
3.102455087883044060e-15
6.220876048687248823e-15
1.620324723051721869e-14
2.538838857091237780e-15
5.823292959519180075e-15
3.474510895025875472e-14
3.699429727570042855e-13
6.568274222791537909e-15
2.806504724660037258e-13
2.130037539676162317e-13
2.410576859404683504e-13
3.287956524535223925e-13
5.425903898316244745e-13
1.165751296339804296e-13
2.765553359344462056e-13
7.552590199166821062e-13
6.500557200820279753e-14
1.576071175521484910e-13
7.188391867840005902e-13
2.763335453912710335e-14
6.376897404430928776e-16
1.904661546015532226e-14
1.321778664397969635e-14
1.864900921515167649e-14
2.650795472286669951e-14
3.531412126588847056e-14
1.263853391049435781e-14
2.582847479602837143e-14
5.985927603073342864e-14
6.386608082999665097e-15
1.768492548252231020e-14
6.342175246304666869e-14
6.253221033101778981e-13
7.610551888116952226e-17
3.794378924615217954e-13
2.897297381100538991e-13
3.246920585489761783e-13
3.771994095835113213e-13
5.005224122965861203e-13
1.511324588112775124e-13
2.680366626076863332e-13
5.776337593794128578e-13
6.687216039544538129e-14
1.516120364963411682e-13
5.415700148491154831e-13
7.499155877301849944e-13
1.344601545334963273e-14
4.617516281959087830e-13
3.490241984161981922e-13
5.253549923358388506e-13
6.026781550210345385e-13
8.271608722188244878e-13
3.454610213837986128e-13
4.801951485589922433e-13
1.145230177319307060e-12
2.274733669190093245e-13
3.089699786512319520e-13
1.081293254079951835e-12
1.105442611510836418e-11
0.000000000000000000e+00
6.876983111262740787e-12
5.314518152093014538e-12
5.435246919359997968e-12
6.539591013738960033e-12
9.035854300141625370e-12
2.411225109170302000e-12
4.133216342779837646e-12
9.068856499366867347e-12
1.116973797758629334e-12
2.336273296050145111e-12
7.509982682395788539e-12
9.999999999099041803e-01
